58837.50802621597 0.991754486934327
58880.12902667447 0.9910926373913376
58888.06378739813 1.0076388759660715
58897.92556144039 0.9560146116129018
59002.43769554341 0.9593238593278486
59007.87867432535 0.989768938305359
59016.60691112137 0.9288787803503382
59032.363078844064 0.9745463988166037
59103.09580300924 0.8633556755943922
59112.277454703755 0.9963874337352524
59128.146976151074 0.9672660538437208
59134.26807728075 0.7713585891188719
59137.44198157021 0.7091447320778727
59140.04911723656 0.7521649523721807
59142.769606627524 0.7098065816208621
59146.28357209086 0.9249076830924021
59147.53046306172 0.8322487470738926
59149.3441226557 0.8951244536578812
59151.329930996864 0.849701495846551
59155.173252379755 0.8327401246883397
59166.390537953936 0.8388266919723807
59181.326160620905 0.8956173344263816
59184.13830714816 0.7862651399138905
59185.26316575906 0.9083046056129136
59192.13730171457 0.9131378517792116
59195.32440111212 0.9656994038377018
59208.364890733676 0.9065000861943417
59217.321636169756 0.9119295402376371
59221.508609888115 0.8762843497611897
59227.32037937777 0.9360957710691269
59229.195143729274 0.8932007113432325
59234.81943678378 0.891992399801658
59235.881803249635 0.9264292787365309
59244.69319570169 0.8738677266780407
59251.8173002374 0.8793051286151259
59253.754556733955 0.800160722641997
59254.94190748991 0.8793051286151259
59259.251707547475 0.8640594398689025
59263.47613621949 0.778213311244407
59265.42983530052 0.8644648161466277
59267.90470594637 0.7912267090696267
59270.267758430964 0.7617250766259899
59272.00445965457 0.7717175650343184
59272.94398654604 0.8611741279279269
59274.17900944601 0.8753701788354142
59276.557425718565 0.8148949857430525
59282.25384392508 0.8226316726386594
59284.18983873173 0.8925790914969596
59286.06889251465 0.7731450633783654
59291.32887590205 0.900503038344008
59296.11898320212 0.8968615865291004
59298.994504900234 0.8411891511112697
59301.15826380178 0.9244598878473413
59303.06578809657 0.7974125352271635
59305.058723926944 0.9453965302266965
59306.28295593704 0.8269141676708003
59308.162009719956 0.8849657669953759
59310.06953401474 0.857367465677135
59311.15141346552 0.880207439181886
59315.16575563813 0.8530849706449941
59316.959397885475 0.8892482620275167
59320.034213166626 0.7802825550986001
59322.11256053259 0.7764758928478083
59324.077025851104 0.8982890848731473
59325.824619935855 0.8932153177807014
59337.29198410713 0.8104337010067308
59351.09554160862 0.8521333050822962
59356.13482220828 0.7250859524621184
59364.106565529786 0.7189001263045817
59367.124439787214 0.8207283415132636
59370.71172428189 0.7155692968351388
59374.925360037545 0.7012943133946693
59376.00723948832 0.6008935965300344
59377.03217791537 0.6418152157260467
59378.05711634242 0.5804327869320283
59379.99311114907 0.588521944214961
59382.89710335905 0.6784543398899182
59393.82977991425 0.5680611346169546
59452.36515230357 0.20928321747982326
59453.593163414764 0.1236281312041782
59473.1486259632 0.4196013068360728
59476.06365089306 0.032617936446703855
59478.219730589095 0.4987771617415864
59480.40860648814 0.4034229922702074
59482.173778223616 0.4552887654372463
59489.46214614699 0.233320671991846
59491.46422015045 0.22789627373386914
59492.157245767026 0.36655745420340147
59493.04951375509 0.2525840005825805
59495.16035677222 0.15195469812219378
59496.409034154865 0.265431485679003
59497.11522631688 0.15539361715644423
59500.28102376817 0.16360327047032114
59505.26336334411 0.3948580022059258
59507.25629917448 0.05511339632275354
59508.195826065945 0.20880738469847432
59510.245702920045 0.19548406682070285
59511.14728382739 0.09463827023803253
59513.3185259826 0.3157630607989522
59518.3739554783 0.5310281986113956
59521.26245275462 0.18069868267279182
59524.98490174191 0.45176868511884843
59529.17673058267 0.2742673462778817
59530.4292104296 0.3012681303158794
59531.33659521087 0.42154521304776044
59531.95742279253 0.26799139932875976
59535.451113004914 0.4288838574789753
59538.40123386513 0.10111472853897996
59549.25744464116 0.2053548669066102
59550.2296426211 0.2935580609099896
59551.26665379971 0.20381285302543223
59555.20064115093 0.4367312869646361
59557.197552082005 0.6280025379556604
59558.19574928554 0.422037369898115
59558.98004708833 0.596622803210051
59564.164480333624 0.6402027813987953
59565.331117909554 0.4724316711266331
59570.354140805925 0.6065868787891158
59573.311306939126 0.19496219846625062
59577.25674646352 0.36849993553523847
59580.298687363895 0.18183976393626855
59583.07327226432 0.2325990237659233
59584.12668120323 0.31967642275278685
59585.35091321332 0.3453713929456318
59586.35917038538 0.1510305698223975
59587.14346818816 0.27084410248745155
59588.145363838885 0.23773715841134735
59591.20755680257 0.422037369898115
59597.05414042329 0.25372788353530096
59600.23302538951 0.3647991022204114
59601.33212843846 0.27769059006831176
59602.330325642 0.37981736314947695
59605.538816653374 0.42089628863463835
59609.350732975596 0.33732616924039843
59611.259217904844 0.19898753273531944
59612.297658234 0.24998295168228973
59613.336098563144 0.08614660570372562
59614.20614316325 0.37313146339465414
59616.17076000218 0.5744006168981219
59617.15247496374 0.5828119508387734
59619.98772986068 0.39917167732502196
59621.16649996404 0.482717363684952
59622.23300624803 0.43280695365174704
59625.20799746127 0.5223201890373864
59628.01459294547 0.14039705139199188
59632.112222352385 0.22231522438127393
59633.31905841058 0.4062242352644966
59636.35018153351 0.3275610890165105
59637.05183040456 0.5467328895971062
59638.89409839192 0.573896184508143
59640.2232833017 0.5396803316576316
59645.19095730871 0.6291935670432709
59653.161688483815 0.5369678093732183
59654.03173308391 0.564635536674234
59655.15437127759 0.5537854475365808
59658.802945407035 0.43551947593616036
59660.17817719429 0.5434778628558102
59664.38807042057 0.6763914547920625
59666.29655534983 0.6324485937845669
59667.19466590477 0.6438411873791028
59669.38381038244 0.5478178985108715
59671.06776767295 0.619428486819383
59672.33073564083 0.6036958575697857
59672.92012069251 0.431179440281099
59675.9231778606 0.6492662319479294
59680.32953277078 0.7404069807042167
59681.22764332572 0.7105692355756703
59682.91160061624 0.7452895208161607
59691.118864782526 0.590425275340357
59693.239871998056 0.3622813742570009
59694.22218041752 0.487599903796896
59695.17642288215 0.4951949661932532
59696.97264399203 0.1631822385810637
59698.90919487612 0.2727681388713616
59699.75117352138 0.26571558093188696
59700.817679805376 0.4235843778847418
59703.06295619273 0.4089367575489099
59704.94337516713 0.13931204247822657
59708.90067479984 0.2244852422088046
59711.08981927751 0.3563138252312916
59713.13863398097 0.27927819235395357
59714.14900835528 0.5071300642446719
59715.80489969095 0.6633713478268788
59718.976352588084 0.48325986814183475
59720.01479291724 0.6774764637058279
59721.02516729155 0.5353402960025704
59722.03554166586 0.769159716918998
59723.01785008532 0.6601163210855827
59724.19662018868 0.6579463032580521
59724.98246692425 0.752884583212518
59726.75062207929 0.4935674528226053
59729.1133452978 0.6444289614809253
59736.040453131965 0.8461953497963361
59741.96236960361 0.8982757776570718
59748.97885831408 0.7946574263924833
59751.08380492723 0.5337127826319223
59759.72811901853 0.38994910155801676
59813.7416652867 0.8290530646628574
59822.094904145524 0.76966943822411
59829.740241406136 0.8536462836930456
59835.33266403195 0.6781946601240195
59846.72987976305 0.8128575301795626
59848.42884359874 0.7642709267296786
59854.233636704026 0.8482477721986141
59869.09957026633 0.802660341801192
59877.02806816622 0.8566454567455077
59883.61155302953 0.8710414873973252
59911.92761695772 0.8764399988917568
59927.14750131912 0.8932353679855439
59957.587270041935 0.913029910131793
59977.05456399257 0.8614441336294469
59993.54867123074 0.9547184155610147
60014.21939789832 0.9514193252033065
60037.226199839984 0.9562180020872456
